country	phrase-request	word-choice	prepositions	meaning-in-context	meaning	vocabulary	modal-verbs	grammar	word-usage	difference	sentence-construction	articles	tense
India	46.0	173.0	109.0	129.0	113.0	17.0	19.0	178.0	275.0	40.0	165.0	42.0	53.0
Russia	55.0	76.0	90.0	77.0	85.0	15.0	68.0	85.0	88.0	98.0	26.0	140.0	35.0
USA	33.0	70.0	68.0	129.0	113.0	13.0	15.0	64.0	97.0	34.0	81.0	57.0	17.0
Iran	90.0	88.0	62.0	68.0	79.0	9.0	11.0	58.0	112.0	62.0	98.0	28.0	21.0
China	12.0	37.0	79.0	155.0	74.0	5.0	60.0	80.0	81.0	30.0	37.0	9.0	34.0
Korea (South)	0.0	3.0	25.0	69.0	41.0	164.0	60.0	9.0	0.0	5.0	7.0	22.0	56.0
Ukraine	6.0	34.0	44.0	110.0	149.0	2.0	7.0	53.0	35.0	32.0	4.0	80.0	7.0
Italy	30.0	46.0	27.0	41.0	32.0	14.0	15.0	11.0	48.0	18.0	31.0	5.0	16.0
Australia	10.0	41.0	38.0	35.0	53.0	4.0	6.0	37.0	54.0	27.0	18.0	14.0	11.0
Czech Republic	19.0	13.0	21.0	57.0	129.0	11.0	10.0	31.0	19.0	3.0	6.0	14.0	16.0
